Test ham testStack: 

[-1404805076, -1614982192, 2033783687, -845109386, 1748543124, 299404033, 1073074765, 2066107575, 1751228764, -1268352597, 1818433665, 1692262049, 1870335086, 1843646174, -1385321578, 1969838897, -1700139896, -262070093, 132212159, 823309838]
Xoa phan tu thu 0
823309838
[-1404805076, -1614982192, 2033783687, -845109386, 1748543124, 299404033, 1073074765, 2066107575, 1751228764, -1268352597, 1818433665, 1692262049, 1870335086, 1843646174, -1385321578, 1969838897, -1700139896, -262070093, 132212159]
Xoa phan tu thu 1
132212159
[-1404805076, -1614982192, 2033783687, -845109386, 1748543124, 299404033, 1073074765, 2066107575, 1751228764, -1268352597, 1818433665, 1692262049, 1870335086, 1843646174, -1385321578, 1969838897, -1700139896, -262070093]
Xoa phan tu thu 2
-262070093
[-1404805076, -1614982192, 2033783687, -845109386, 1748543124, 299404033, 1073074765, 2066107575, 1751228764, -1268352597, 1818433665, 1692262049, 1870335086, 1843646174, -1385321578, 1969838897, -1700139896]
Xoa phan tu thu 3
-1700139896
[-1404805076, -1614982192, 2033783687, -845109386, 1748543124, 299404033, 1073074765, 2066107575, 1751228764, -1268352597, 1818433665, 1692262049, 1870335086, 1843646174, -1385321578, 1969838897]
Xoa phan tu thu 4
1969838897
[-1404805076, -1614982192, 2033783687, -845109386, 1748543124, 299404033, 1073074765, 2066107575, 1751228764, -1268352597, 1818433665, 1692262049, 1870335086, 1843646174, -1385321578]
Xoa phan tu thu 5
-1385321578
[-1404805076, -1614982192, 2033783687, -845109386, 1748543124, 299404033, 1073074765, 2066107575, 1751228764, -1268352597, 1818433665, 1692262049, 1870335086, 1843646174]
Xoa phan tu thu 6
1843646174
[-1404805076, -1614982192, 2033783687, -845109386, 1748543124, 299404033, 1073074765, 2066107575, 1751228764, -1268352597, 1818433665, 1692262049, 1870335086]
Xoa phan tu thu 7
1870335086
[-1404805076, -1614982192, 2033783687, -845109386, 1748543124, 299404033, 1073074765, 2066107575, 1751228764, -1268352597, 1818433665, 1692262049]
Xoa phan tu thu 8
1692262049
[-1404805076, -1614982192, 2033783687, -845109386, 1748543124, 299404033, 1073074765, 2066107575, 1751228764, -1268352597, 1818433665]
Xoa phan tu thu 9
1818433665
[-1404805076, -1614982192, 2033783687, -845109386, 1748543124, 299404033, 1073074765, 2066107575, 1751228764, -1268352597]
Xoa phan tu thu 10
-1268352597
[-1404805076, -1614982192, 2033783687, -845109386, 1748543124, 299404033, 1073074765, 2066107575, 1751228764]
Xoa phan tu thu 11
1751228764
[-1404805076, -1614982192, 2033783687, -845109386, 1748543124, 299404033, 1073074765, 2066107575]
Xoa phan tu thu 12
2066107575
[-1404805076, -1614982192, 2033783687, -845109386, 1748543124, 299404033, 1073074765]
Xoa phan tu thu 13
1073074765
[-1404805076, -1614982192, 2033783687, -845109386, 1748543124, 299404033]
Xoa phan tu thu 14
299404033
[-1404805076, -1614982192, 2033783687, -845109386, 1748543124]
Xoa phan tu thu 15
1748543124
[-1404805076, -1614982192, 2033783687, -845109386]
Xoa phan tu thu 16
-845109386
[-1404805076, -1614982192, 2033783687]
Xoa phan tu thu 17
2033783687
[-1404805076, -1614982192]
Xoa phan tu thu 18
-1614982192
[-1404805076]
Xoa phan tu thu 19
-1404805076
[]

Test ham testQueue: 

[-1650351741, 1879104062, -339907074, -1503719262, 78432218, 213305474, -1888548885, 1579730820, -1805861590, 1916329879, -2048602941, 1711873809, 804965532, -34733265, 2044705309, 1098641769, -51090688, -956865683, -1154593680, -887436597, 848086219, -166622061, 1871439541, 2114544238, 218802275, 2135571968, -987983798]
Xoa phan tu thu 0
-1650351741
[1879104062, -339907074, -1503719262, 78432218, 213305474, -1888548885, 1579730820, -1805861590, 1916329879, -2048602941, 1711873809, 804965532, -34733265, 2044705309, 1098641769, -51090688, -956865683, -1154593680, -887436597, 848086219, -166622061, 1871439541, 2114544238, 218802275, 2135571968, -987983798]
Xoa phan tu thu 1
1879104062
[-339907074, -1503719262, 78432218, 213305474, -1888548885, 1579730820, -1805861590, 1916329879, -2048602941, 1711873809, 804965532, -34733265, 2044705309, 1098641769, -51090688, -956865683, -1154593680, -887436597, 848086219, -166622061, 1871439541, 2114544238, 218802275, 2135571968, -987983798]
Xoa phan tu thu 2
-339907074
[-1503719262, 78432218, 213305474, -1888548885, 1579730820, -1805861590, 1916329879, -2048602941, 1711873809, 804965532, -34733265, 2044705309, 1098641769, -51090688, -956865683, -1154593680, -887436597, 848086219, -166622061, 1871439541, 2114544238, 218802275, 2135571968, -987983798]
Xoa phan tu thu 3
-1503719262
[78432218, 213305474, -1888548885, 1579730820, -1805861590, 1916329879, -2048602941, 1711873809, 804965532, -34733265, 2044705309, 1098641769, -51090688, -956865683, -1154593680, -887436597, 848086219, -166622061, 1871439541, 2114544238, 218802275, 2135571968, -987983798]
Xoa phan tu thu 4
78432218
[213305474, -1888548885, 1579730820, -1805861590, 1916329879, -2048602941, 1711873809, 804965532, -34733265, 2044705309, 1098641769, -51090688, -956865683, -1154593680, -887436597, 848086219, -166622061, 1871439541, 2114544238, 218802275, 2135571968, -987983798]
Xoa phan tu thu 5
213305474
[-1888548885, 1579730820, -1805861590, 1916329879, -2048602941, 1711873809, 804965532, -34733265, 2044705309, 1098641769, -51090688, -956865683, -1154593680, -887436597, 848086219, -166622061, 1871439541, 2114544238, 218802275, 2135571968, -987983798]
Xoa phan tu thu 6
-1888548885
[1579730820, -1805861590, 1916329879, -2048602941, 1711873809, 804965532, -34733265, 2044705309, 1098641769, -51090688, -956865683, -1154593680, -887436597, 848086219, -166622061, 1871439541, 2114544238, 218802275, 2135571968, -987983798]
Xoa phan tu thu 7
1579730820
[-1805861590, 1916329879, -2048602941, 1711873809, 804965532, -34733265, 2044705309, 1098641769, -51090688, -956865683, -1154593680, -887436597, 848086219, -166622061, 1871439541, 2114544238, 218802275, 2135571968, -987983798]
Xoa phan tu thu 8
-1805861590
[1916329879, -2048602941, 1711873809, 804965532, -34733265, 2044705309, 1098641769, -51090688, -956865683, -1154593680, -887436597, 848086219, -166622061, 1871439541, 2114544238, 218802275, 2135571968, -987983798]
Xoa phan tu thu 9
1916329879
[-2048602941, 1711873809, 804965532, -34733265, 2044705309, 1098641769, -51090688, -956865683, -1154593680, -887436597, 848086219, -166622061, 1871439541, 2114544238, 218802275, 2135571968, -987983798]
Xoa phan tu thu 10
-2048602941
[1711873809, 804965532, -34733265, 2044705309, 1098641769, -51090688, -956865683, -1154593680, -887436597, 848086219, -166622061, 1871439541, 2114544238, 218802275, 2135571968, -987983798]
Xoa phan tu thu 11
1711873809
[804965532, -34733265, 2044705309, 1098641769, -51090688, -956865683, -1154593680, -887436597, 848086219, -166622061, 1871439541, 2114544238, 218802275, 2135571968, -987983798]
Xoa phan tu thu 12
804965532
[-34733265, 2044705309, 1098641769, -51090688, -956865683, -1154593680, -887436597, 848086219, -166622061, 1871439541, 2114544238, 218802275, 2135571968, -987983798]
Xoa phan tu thu 13
-34733265
[2044705309, 1098641769, -51090688, -956865683, -1154593680, -887436597, 848086219, -166622061, 1871439541, 2114544238, 218802275, 2135571968, -987983798]
Xoa phan tu thu 14
2044705309
[1098641769, -51090688, -956865683, -1154593680, -887436597, 848086219, -166622061, 1871439541, 2114544238, 218802275, 2135571968, -987983798]
Xoa phan tu thu 15
1098641769
[-51090688, -956865683, -1154593680, -887436597, 848086219, -166622061, 1871439541, 2114544238, 218802275, 2135571968, -987983798]
Xoa phan tu thu 16
-51090688
[-956865683, -1154593680, -887436597, 848086219, -166622061, 1871439541, 2114544238, 218802275, 2135571968, -987983798]
Xoa phan tu thu 17
-956865683
[-1154593680, -887436597, 848086219, -166622061, 1871439541, 2114544238, 218802275, 2135571968, -987983798]
Xoa phan tu thu 18
-1154593680
[-887436597, 848086219, -166622061, 1871439541, 2114544238, 218802275, 2135571968, -987983798]
Xoa phan tu thu 19
-887436597
[848086219, -166622061, 1871439541, 2114544238, 218802275, 2135571968, -987983798]
Xoa phan tu thu 20
848086219
[-166622061, 1871439541, 2114544238, 218802275, 2135571968, -987983798]
Xoa phan tu thu 21
-166622061
[1871439541, 2114544238, 218802275, 2135571968, -987983798]
Xoa phan tu thu 22
1871439541
[2114544238, 218802275, 2135571968, -987983798]
Xoa phan tu thu 23
2114544238
[218802275, 2135571968, -987983798]
Xoa phan tu thu 24
218802275
[2135571968, -987983798]
Xoa phan tu thu 25
2135571968
[-987983798]
Xoa phan tu thu 26
-987983798
[]
